const uint32_t secondDuration[] = {
  240,480,240,480,
  480,480,480,180,
  480,480,480,480,480,480,
  480,120,480,

  240,480,240,480,
  480,960,1920,1920,960,1920,1920,180,
  480,480,480,480,480,480,
  480,120,480,

  480,480,480,480,480,480,
  480,480,480,180,
  480,480,480,480,480,480,
  480,480,480,180,

  480,480,480,480,480,480,
  960,1920,1920,960,1920,1920,480,240,480,
  960,360,480,920,360,480,
  960,1920,1920,120,480,

  480,240,480,480,480,
  480,120,480,
  480,240,480,480,480,
  480,20,
};

// 20 = 96
// 16 = 120
// 12 = 180
// 8 = 240
// 6 = 360
// 4 = 480
// 2 = 960